001,36.0,7.0,0.0,0.0,0.0,7.0,120.0,Normal,2026-01-26,false
002,36.0,6.5,0.0,14.0,0.0,7.0,100.0,Normal,2026-01-28,true
003,25.0,6.5,0.0,0.5,1.0,8.0,150.0,Normal,2026-01-27,false
004,36.0,7.0,10.0,10.0,10.0,10.0,80.0,Moderate,2026-01-28,false
005,42.0,4.0,0.0,0.0,0.0,8.0,120.0,Moderate,2026-01-28,false
006,36.0,7.0,0.0,0.0,0.0,10.0,120.0,Normal,2026-01-28,false
007,34.0,7.0,0.5,24.0,0.1,7.0,320.0,Moderate,2026-01-28,false
008,38.6,7.0,0.0,26.0,2.0,8.0,120.0,Moderate,2026-01-28,false
009,37.0,6.5,0.0,15.0,0.0,7.0,100.0,Normal,2026-01-28,false
010,34.5,7.0,0.0,13.0,0.1,8.0,105.0,Normal,2026-01-27,false
011,36.7,7.0,0.0,24.0,0.0,8.0,120.0,Normal,2026-01-29,false
