001,26.0,6.7,0.0,0.0,32.0,86.0,97.0,Normal,2025-12-26,false
001,26.0,6.7,0.0,0.0,32.0,86.0,97.0,Normal,2025-12-26,false
002,32.0,7.9,0.2,0.0,39.0,107.0,155.0,Normal,2025-12-26,false
002,32.0,7.9,0.2,0.0,39.0,107.0,155.0,Normal,2025-12-26,false
003,40.0,7.0,0.5,0.3,57.0,145.0,157.0,Moderate,2025-12-26,false
003,40.0,7.0,0.5,0.3,57.0,145.0,157.0,Moderate,2025-12-26,false
004,30.0,7.2,0.0,0.0,45.0,97.0,100.0,Normal,2025-12-26,false
004,30.0,7.2,0.0,0.0,45.0,97.0,100.0,Normal,2025-12-26,false
005,30.0,7.7,0.3,0.0,55.0,152.0,186.0,Moderate,2025-12-26,false
005,30.0,7.7,0.3,0.0,55.0,152.0,186.0,Moderate,2025-12-26,false
006,20.0,7.0,0.0,0.0,45.0,123.0,187.0,Normal,2025-12-29,false
006,20.0,7.0,0.0,0.0,45.0,123.0,187.0,Normal,2025-12-29,false
007,40.0,7.0,0.1,0.0,55.0,123.0,176.0,Moderate,2025-12-29,false
007,40.0,7.0,0.1,0.0,55.0,123.0,176.0,Moderate,2025-12-29,false
009,32.0,6.0,31.0,3.0,6.0,9.0,6.0,High,2021-03-09,false
009,32.0,6.0,31.0,3.0,6.0,9.0,6.0,High,2021-03-09,false
010,28.0,7.1,0.0,0.0,40.0,95.0,110.0,Normal,2025-12-30,false
010,28.0,7.1,0.0,0.0,40.0,95.0,110.0,Normal,2025-12-30,false
011,35.0,8.0,0.4,0.2,60.0,140.0,165.0,Moderate,2025-12-30,false
011,35.0,8.0,0.4,0.2,60.0,140.0,165.0,Moderate,2025-12-30,false
012,22.0,6.8,0.0,0.0,35.0,90.0,105.0,Normal,2025-12-31,false
012,22.0,6.8,0.0,0.0,35.0,90.0,105.0,Normal,2025-12-31,false
013,38.0,7.5,0.6,0.4,70.0,160.0,190.0,High,2025-12-31,false
013,38.0,7.5,0.6,0.4,70.0,160.0,190.0,High,2025-12-31,false
014,18.0,6.5,0.0,0.0,30.0,85.0,98.0,Normal,2026-01-01,false
014,18.0,6.5,0.0,0.0,30.0,85.0,98.0,Normal,2026-01-01,false
015,42.0,8.2,1.2,0.8,95.0,200.0,230.0,High,2026-01-01,false
015,42.0,8.2,1.2,0.8,95.0,200.0,230.0,High,2026-01-01,false
016,26.0,7.0,0.1,0.0,42.0,100.0,120.0,Normal,2026-01-02,false
016,26.0,7.0,0.1,0.0,42.0,100.0,120.0,Normal,2026-01-02,false
017,34.0,7.8,0.3,0.2,58.0,135.0,160.0,Moderate,2026-01-02,false
017,34.0,7.8,0.3,0.2,58.0,135.0,160.0,Moderate,2026-01-02,false
018,45.0,8.5,2.5,1.5,120.0,250.0,280.0,High,2026-01-03,true
018,45.0,8.5,2.5,1.5,120.0,250.0,280.0,High,2026-01-03,true
019,24.0,6.9,0.0,0.0,38.0,92.0,108.0,Normal,2026-01-03,false
019,24.0,6.9,0.0,0.0,38.0,92.0,108.0,Normal,2026-01-03,false
020,3.0,6.0,55.0,3.0,1.0,3.0,12.0,High,2025-05-01,false
021,23.0,6.0,4.0,5.0,2.0,1.0,3.0,High,2023-06-12,false
